0.079136
0.093029
0.125010
0.176321
0.074659
0.047122
0.017728
0.066436
0.084476
0.141311
0.178844
0.108727
0.054489
0.062361
0.068359
0.084649
0.126569
0.185682
0.085191
0.057388
0.018910
0.064114
0.091347
0.187679
0.212203
0.119218
0.053219
0.054261
0.080128
0.102429
0.146374
0.205669
0.079909
0.053216
0.018340
0.076090
0.098765
0.168219
0.207539
0.120906
0.056886
0.061882
0.077289
0.099651
0.152882
0.222260
0.085960
0.054603
0.017685
0.079204
0.106680
0.189652
0.185466
0.107727
0.047690
0.048201
0.290783
0.203800
