0.024586
0.030427
0.044878
0.084963
0.033399
0.018491
0.013735
0.034394
0.025405
0.060521
0.088355
0.035262
0.020924
0.024440
0.020945
0.025355
0.044223
0.055968
0.021677
0.019618
0.013379
0.030193
0.025289
0.059686
0.064293
0.029851
0.016629
0.023196
0.026551
0.032364
0.042563
0.082095
0.025536
0.016382
0.013535
0.043087
0.031016
0.052068
0.081855
0.029799
0.019776
0.021760
0.027317
0.034550
0.047010
0.073285
0.022811
0.020332
0.013360
0.049859
0.042410
0.076283
0.057638
0.035103
0.018214
0.019703
0.184506
0.045763
