0.077300
0.078282
0.078776
0.076465
0.090536
0.092733
0.095579
0.088588
0.127831
0.123344
0.125001
0.122581
0.178874
0.179885
0.166840
0.176734
0.076666
0.077209
0.071878
0.072081
0.048161
0.044388
0.046443
0.043406
0.017105
0.014051
0.015839
0.014585
0.062835
0.063967
0.066876
0.062564
0.083530
0.084704
0.084374
0.081087
0.140528
0.143093
0.135717
0.137583
0.179623
0.185119
0.174587
0.170705
0.112310
0.111676
0.110009
0.099589
0.058297
0.051464
0.053466
0.050355
0.063042
0.058826
0.060818
0.059834
0.066066
0.065705
0.067899
0.067013
0.083197
0.083880
0.079488
0.085701
0.121813
0.129761
0.121605
0.127494
0.169012
0.197615
0.180292
0.175063
0.085331
0.086073
0.083236
0.078627
0.056531
0.056582
0.056455
0.054610
0.014139
0.016794
0.016972
0.017144
0.061410
0.059366
0.060946
0.064946
0.090453
0.086958
0.087701
0.093960
0.164774
0.185135
0.170883
0.193157
0.188180
0.202347
0.191411
0.234030
0.117155
0.116759
0.119008
0.119001
0.046624
0.050515
0.053644
0.052289
0.049123
0.048603
0.053294
0.052046
0.079180
0.077107
0.076734
0.080779
0.094507
0.102290
0.098797
0.105385
0.133093
0.143589
0.139544
0.157535
0.209831
0.207032
0.194596
0.198205
0.078636
0.078556
0.078703
0.079090
0.051200
0.046476
0.053161
0.053094
0.016480
0.013870
0.016714
0.016483
0.067093
0.071701
0.076134
0.076680
0.086943
0.096636
0.098310
0.104708
0.159555
0.159759
0.167072
0.170603
0.205489
0.209198
0.199703
0.201323
0.119886
0.118170
0.122439
0.119970
0.056928
0.056257
0.053562
0.056762
0.058560
0.060949
0.060463
0.061712
0.072354
0.071361
0.078529
0.077286
0.098143
0.088580
0.104413
0.100313
0.149949
0.139791
0.166121
0.145978
0.211390
0.201800
0.245420
0.202589
0.087145
0.089138
0.077051
0.085157
0.052355
0.058598
0.050048
0.054014
0.013812
0.016756
0.015177
0.016285
0.077197
0.069679
0.079314
0.078122
0.109851
0.098738
0.109399
0.101783
0.191744
0.175267
0.192282
0.174891
0.197545
0.174053
0.173369
0.181281
0.111799
0.112461
0.098597
0.109199
0.044896
0.047815
0.044997
0.046659
0.045763
0.045184
0.045989
0.044617
0.284765
0.278309
0.287905
0.280934
0.200110
0.196969
0.207373
0.205679
