0.031168
0.030336
0.028291
0.028180
0.037661
0.036720
0.033165
0.033763
0.053997
0.052465
0.048914
0.049268
0.096291
0.100868
0.083967
0.096148
0.040384
0.040596
0.035000
0.035608
0.024540
0.024866
0.024655
0.022485
0.017491
0.017269
0.016935
0.016101
0.039551
0.039476
0.034946
0.037431
0.030517
0.031699
0.029598
0.029509
0.069716
0.072176
0.064017
0.066010
0.100255
0.100458
0.092934
0.087760
0.044667
0.043721
0.041226
0.035197
0.029417
0.025792
0.025791
0.024093
0.031235
0.030399
0.028067
0.028140
0.027068
0.025556
0.026425
0.025092
0.029371
0.032507
0.028822
0.030685
0.051317
0.054644
0.048026
0.048349
0.065547
0.076289
0.076517
0.061794
0.029569
0.028669
0.028083
0.027974
0.025463
0.025300
0.024399
0.023590
0.015103
0.016679
0.017159
0.017265
0.032997
0.034404
0.034722
0.033421
0.031251
0.030648
0.031195
0.031110
0.075367
0.071586
0.073823
0.074369
0.071256
0.080345
0.071617
0.099184
0.036518
0.035737
0.033688
0.036009
0.021970
0.021728
0.023243
0.022227
0.029770
0.029276
0.028143
0.028883
0.032007
0.031503
0.030746
0.029041
0.038638
0.037106
0.036779
0.036511
0.044888
0.050898
0.045723
0.056614
0.100297
0.092858
0.084212
0.086638
0.030116
0.030555
0.028212
0.029482
0.021881
0.020801
0.022321
0.023180
0.016571
0.015262
0.017239
0.017185
0.048085
0.044597
0.045754
0.046623
0.036641
0.034638
0.034204
0.037374
0.061106
0.061965
0.055757
0.063037
0.091393
0.099064
0.085492
0.085896
0.035912
0.036784
0.035849
0.035047
0.024966
0.026425
0.023045
0.025579
0.027088
0.028520
0.027182
0.028127
0.034227
0.032167
0.031702
0.030153
0.037393
0.040601
0.039581
0.039708
0.054464
0.050735
0.063584
0.050060
0.085808
0.083629
0.106086
0.081706
0.029713
0.030788
0.027643
0.028469
0.024836
0.029116
0.022901
0.026432
0.015619
0.017101
0.016304
0.017100
0.052886
0.054858
0.052546
0.052512
0.049246
0.047011
0.047056
0.043603
0.086561
0.093841
0.079698
0.085482
0.078496
0.065284
0.066995
0.072656
0.042710
0.045093
0.034266
0.041618
0.023424
0.024390
0.023082
0.024421
0.026399
0.025912
0.025355
0.025051
0.196374
0.185069
0.188310
0.173689
0.054837
0.050147
0.051571
0.046435
